15    b1
11     0
11     1
 5    64
19    f1
11     2
11     0
 3     0
17    a1
10     0
15    b2
11     3
 2     0
 1     0
 6     3
 4    18
 5    34
 7    75
15    b3
 2     0
 1     1
 6     2
 3     3
 2     0
 2     3
15    c1
 5     5
 7    75
16    c1
 6     1
 3     2
16    b3
 5    37
 7    75
 1     1
 3     2
 7    75
12     3
16    b2
10     1
10     0
15    b4
 2     0
 1     0
 6     3
 4    48
 5    54
 7    75
 2     0
 1     1
 6     2
 3     0
 5    56
 7    75
 0     0
 7    75
16    b4
10     1
18    a1
 2     2
12     0
12     2
20    f1
 7    75
 1     3
 3     0
 2     0
15    c2
 5     5
 7    75
16    c2
 3     1
12     1
12     0
16    b1
