15    b1
11     0
17    a3
10     0
 9     0
 0     0
10     1
10     0
15    b3
 9     0
15    c1
 8     0
 7     0
16    c1
 0     0
16    b3
10     1
18    a3
 9     0
 0     0
 8     0
19    f1
11     1
11     0
 0     0
15    b2
11     2
 8     0
17    a2
10     0
 9     1
 0     0
10     1
10     0
 9     1
 0     0
10     1
18    a2
 8     0
 7     0
17    a1
10     0
 9     1
 0     0
10     1
10     0
 9     1
 0     0
10     1
10     0
 9     1
 0     0
10     1
18    a1
 8     0
 7     0
 7     0
 0     0
 0     0
 0     0
12     2
16    b2
 9     0
12     0
12     1
20    f1
 7     0
12     0
16    b1
